50,-783.188140 
100,50.314203 
150,10.339009 
200,10.339009 
250,10.339009 
300,47.417008 
350,10.404895 
400,11.016885 
450,50.924785 
500,10.203011 
550,10.404895 
600,10.540893 
650,10.540893 
700,10.540893 
750,10.540893 
800,10.404895 
850,10.540893 
900,7.653556 
950,7.653556 
1000,7.517558 
1050,10.540893 
1100,10.404895 
1150,10.404895 
1200,10.540893 
1250,10.540893 
1300,10.404895 
1350,10.812888 
1400,10.812888 
1450,10.404895 
1500,10.404895 
1550,10.540893 
1600,10.540893 
1650,10.540893 
1700,10.540893 
1750,10.540893 
1800,10.540893 
1850,10.540893 
1900,10.540893 
1950,10.540893 
2000,10.540893 
2050,10.540893 
2100,10.540893 
2150,10.540893 
2200,10.540893 
2250,10.404895 
2300,10.540893 
2350,10.404895 
2400,10.540893 
2450,10.540893 
2500,10.540893 
2550,10.540893 
2600,10.812888 
2650,10.404895 
2700,10.404895 
2750,10.404895 
2800,10.812888 
2850,10.404895 
2900,10.404895 
2950,10.404895 
3000,10.540893 
3050,10.404895 
3100,10.404895 
3150,10.404895 
3200,10.540893 
3250,10.540893 
3300,10.540893 
3350,10.540893 
3400,10.540893 
3450,10.540893 
3500,10.540893 
3550,10.540893 
3600,10.540893 
3650,10.540893 
3700,10.540893 
3750,10.540893 
3800,10.540893 
3850,10.540893 
3900,10.540893 
3950,10.540893 
4000,10.540893 
4050,10.540893 
4100,10.540893 
4150,10.404895 
4200,10.404895 
4250,10.540893 
4300,10.404895 
4350,10.404895 
4400,10.404895 
4450,10.540893 
4500,10.404895 
4550,10.540893 
4600,10.404895 
4650,10.404895 
4700,10.404895 
4750,10.404895 
4800,10.404895 
4850,10.404895 
4900,10.404895 
4950,10.404895 
5000,10.540893 
5050,10.540893 
5100,10.404895 
5150,10.404895 
5200,10.404895 
5250,10.404895 
5300,10.404895 
5350,10.404895 
5400,10.540893 
5450,10.404895 
5500,10.404895 
5550,10.404895 
5600,10.404895 
5650,10.404895 
5700,10.404895 
5750,10.404895 
5800,10.404895 
5850,10.404895 
5900,10.404895 
5950,10.404895 
6000,10.404895 
6050,10.404895 
6100,10.404895 
6150,10.404895 
6200,10.404895 
6250,10.404895 
6300,10.404895 
6350,10.404895 
6400,10.404895 
6450,10.404895 
6500,10.404895 
6550,10.404895 
6600,10.404895 
6650,10.404895 
6700,10.404895 
6750,10.404895 
6800,10.404895 
6850,10.404895 
6900,10.404895 
6950,10.404895 
7000,10.404895 
7050,10.404895 
7100,10.404895 
7150,10.404895 
7200,10.404895 
7250,10.404895 
7300,10.404895 
7350,10.404895 
7400,10.404895 
7450,10.404895 
7500,10.404895 
7550,10.404895 
7600,10.404895 
7650,10.404895 
7700,10.404895 
7750,10.404895 
7800,10.404895 
7850,10.404895 
7900,10.404895 
7950,10.404895 
8000,10.404895 
8050,10.404895 
8100,10.404895 
8150,10.404895 
8200,10.404895 
8250,10.404895 
8300,10.404895 
8350,10.404895 
8400,10.404895 
8450,10.404895 
8500,10.404895 
8550,10.404895 
8600,10.404895 
8650,10.404895 
8700,10.404895 
8750,10.404895 
8800,10.404895 
8850,10.404895 
8900,10.404895 
8950,10.404895 
9000,10.404895 
9050,10.404895 
9100,10.404895 
9150,10.404895 
9200,10.404895 
9250,10.404895 
9300,10.404895 
9350,10.404895 
9400,10.404895 
9450,10.404895 
9500,10.404895 
9550,10.404895 
9600,10.404895 
9650,10.540893 
9700,10.404895 
9750,10.404895 
9800,10.404895 
9850,10.540893 
9900,10.540893 
9950,10.540893 
10000,10.540893 
50,50.448793 
50,11.220882 
100,-786.620172 
150,50.451609 
200,50.042208 
250,50.450201 
300,50.244796 
350,11.220882 
400,11.220882 
450,-826.324075 
500,8.333544 
550,10.948886 
600,11.220882 
650,-822.690159 
700,10.948886 
750,10.948886 
800,10.948886 
850,11.220882 
900,10.948886 
950,11.220882 
1000,10.404895 
1050,10.948886 
1100,10.948886 
50,47.085463 
100,48.031110 
150,10.747002 
200,48.302402 
250,10.540893 
300,-789.311962 
350,47.221461 
50,50.448793 
100,-792.945879 
150,10.950999 
200,10.540893 
250,10.747002 
300,10.747002 
350,10.339009 
400,10.812888 
450,10.339009 
500,10.404895 
550,10.339009 
50,47.085463 
100,48.098405 
150,46.815580 
200,50.178909 
250,50.992784 
300,47.290868 
350,50.584790 
400,50.312795 
450,7.653556 
500,7.653556 
550,7.653556 
600,11.220882 
650,7.110973 
700,10.540893 
750,10.948886 
800,47.562864 
850,10.540893 
900,10.540893 
50,50.043616 
100,10.744889 
150,7.314970 
200,7.790962 
50,47.357459 
100,46.609471 
150,-786.889351 
200,50.587607 
250,50.380794 
300,-782.986256 
350,48.028998 
400,48.028998 
450,-826.324075 
500,10.406303 
550,10.540893 
600,46.882875 
650,10.406303 
700,47.553006 
750,10.404895 
800,50.244796 
850,50.176797 
900,10.747002 
950,10.540893 
1000,47.553006 
1050,10.747002 
1100,48.370401 
1150,10.747002 
1200,10.540893 
1250,10.540893 
1300,11.220882 
1350,10.540893 
1400,10.747002 
1450,10.540893 
1500,10.540893 
1550,10.540893 
1600,10.948886 
1650,10.540893 
1700,11.220882 
1750,10.406303 
1800,10.406303 
1850,10.814297 
1900,11.220882 
1950,10.406303 
2000,10.540893 
2050,10.406303 
2100,10.406303 
2150,10.406303 
2200,10.884408 
2250,10.884408 
2300,10.406303 
2350,10.406303 
2400,10.406303 
2450,10.406303 
2500,10.406303 
2550,10.406303 
2600,10.884408 
2650,10.814297 
2700,10.406303 
2750,10.884408 
2800,10.540893 
2850,10.406303 
2900,10.406303 
2950,10.406303 
3000,10.406303 
3050,10.406303 
3100,10.406303 
3150,10.406303 
3200,10.406303 
3250,10.406303 
3300,11.088405 
3350,10.406303 
3400,11.018293 
3450,-822.824748 
3500,11.018293 
3550,11.018293 
3600,11.018293 
3650,10.814297 
3700,10.814297 
3750,10.814297 
3800,10.406303 
3850,10.814297 
3900,10.814297 
3950,10.406303 
4000,10.406303 
4050,10.406303 
4100,10.406303 
4150,11.086292 
4200,10.540893 
4250,-822.690159 
4300,10.540893 
4350,-822.824748 
4400,10.540893 
4450,10.540893 
4500,10.540893 
4550,10.406303 
4600,10.540893 
4650,10.812888 
4700,10.812888 
4750,10.812888 
4800,10.812888 
4850,10.812888 
4900,10.812888 
4950,10.747002 
5000,10.540893 
5050,10.540893 
5100,10.812888 
5150,10.747002 
5200,10.812888 
5250,10.540893 
5300,10.747002 
5350,10.540893 
5400,10.747002 
5450,10.747002 
5500,10.747002 
5550,10.747002 
5600,10.747002 
5650,10.747002 
5700,10.747002 
5750,10.747002 
5800,10.747002 
5850,10.747002 
5900,10.747002 
5950,10.747002 
6000,10.747002 
6050,10.747002 
6100,10.747002 
6150,11.220882 
6200,11.220882 
6250,11.220882 
6300,11.220882 
6350,10.747002 
6400,10.747002 
6450,10.747002 
6500,11.220882 
6550,11.220882 
6600,11.220882 
6650,11.220882 
6700,11.220882 
6750,10.948886 
6800,11.220882 
6850,11.220882 
6900,11.220882 
6950,11.220882 
7000,11.220882 
7050,11.220882 
7100,11.220882 
7150,10.540893 
7200,11.220882 
7250,11.220882 
7300,11.220882 
7350,11.220882 
7400,10.948886 
7450,10.406303 
7500,11.220882 
7550,10.540893 
7600,10.814297 
7650,10.540893 
7700,10.540893 
7750,10.540893 
7800,10.540893 
7850,10.540893 
7900,10.540893 
7950,10.540893 
8000,10.540893 
8050,10.812888 
8100,10.540893 
8150,10.540893 
8200,10.540893 
8250,10.540893 
8300,10.540893 
8350,10.540893 
8400,10.540893 
8450,10.540893 
8500,10.540893 
8550,10.540893 
8600,10.540893 
8650,10.540893 
8700,10.948886 
8750,11.220882 
8800,11.220882 
8850,11.220882 
8900,11.220882 
8950,11.220882 
9000,11.220882 
9050,11.220882 
9100,11.220882 
9150,10.540893 
9200,11.220882 
9250,11.220882 
9300,11.220882 
9350,10.540893 
9400,10.948886 
9450,10.404895 
9500,10.948886 
9550,10.948886 
9600,10.948886 
9650,10.948886 
9700,10.948886 
9750,7.518966 
9800,10.404895 
9850,10.540893 
9900,7.518966 
9950,7.518966 
10000,10.404895 
50,10.718200 
100,10.730067 
150,10.730067 
200,10.730067 
250,10.443820 
300,10.443820 
350,10.443820 
400,10.443820 
450,10.566218 
500,10.309882 
550,10.566218 
600,10.309882 
650,10.566218 
700,10.443820 
750,10.689267 
800,10.689267 
850,10.443170 
900,10.362222 
950,10.607669 
1000,10.607669 
1050,10.607669 
1100,10.443170 
1150,10.443170 
1200,10.443170 
1250,-822.690159 
1300,10.362222 
1350,6.985944 
1400,10.608970 
1450,10.608970 
1500,10.608970 
1550,10.608970 
1600,10.608970 
1650,10.608970 
1700,10.608970 
1750,10.608970 
1800,10.854091 
1850,10.607669 
1900,10.608970 
1950,10.608970 
2000,10.362222 
2050,10.607669 
2100,10.607669 
2150,10.362222 
2200,10.362222 
2250,10.362222 
2300,10.362222 
2350,10.362222 
2400,10.362222 
2450,10.362222 
2500,10.362222 
2550,10.608970 
2600,10.608970 
2650,10.608970 
2700,10.608970 
2750,10.608970 
2800,10.608970 
2850,10.608970 
2900,10.608970 
2950,10.608970 
3000,10.608970 
3050,10.608970 
3100,10.608970 
3150,10.608970 
3200,10.608970 
3250,10.608970 
3300,10.608970 
3350,10.608970 
3400,10.608970 
3450,10.652533 
3500,10.608970 
3550,10.608970 
3600,10.608970 
3650,10.608970 
3700,10.608970 
3750,10.608970 
3800,10.608970 
3850,10.608970 
3900,10.608970 
3950,10.608970 
4000,10.608970 
4050,10.608970 
4100,10.443820 
4150,10.443820 
4200,10.608970 
4250,10.443170 
4300,10.362222 
4350,10.608970 
4400,10.608970 
4450,10.443820 
4500,10.608970 
4550,10.362222 
4600,10.608970 
4650,10.362222 
4700,10.608970 
4750,10.443820 
4800,10.608970 
4850,10.443820 
4900,10.608970 
4950,10.608970 
5000,10.443820 
5050,10.608970 
5100,10.443820 
5150,10.443820 
5200,10.443820 
5250,10.443820 
5300,10.443820 
5350,10.608970 
5400,10.608970 
5450,10.608970 
5500,10.443820 
5550,10.443820 
5600,10.443820 
5650,10.443820 
5700,10.443820 
5750,10.853115 
5800,10.853115 
5850,-822.690159 
5900,10.853115 
5950,10.443820 
6000,10.443820 
6050,10.443820 
6100,10.608970 
6150,10.608970 
6200,10.443820 
6250,10.443820 
6300,10.608970 
6350,10.608970 
6400,10.608970 
6450,10.443820 
6500,10.608970 
6550,10.608970 
6600,10.608970 
6650,10.608970 
6700,10.362222 
6750,10.443820 
6800,10.608970 
6850,10.608970 
6900,10.443820 
6950,10.608970 
7000,10.608970 
7050,10.608970 
7100,10.608970 
7150,10.362222 
7200,10.443170 
7250,10.443170 
7300,10.443170 
7350,10.443820 
7400,10.443170 
7450,10.443820 
7500,10.608970 
7550,10.443170 
7600,10.443170 
7650,10.443170 
7700,10.443170 
7750,10.689267 
7800,10.608970 
7850,10.608970 
7900,10.608970 
7950,10.608970 
8000,10.608970 
8050,10.443820 
8100,10.443820 
8150,10.443820 
8200,10.443820 
8250,10.443820 
8300,10.608970 
8350,10.443820 
8400,10.443820 
8450,10.443820 
8500,10.852790 
8550,10.854091 
8600,10.852790 
8650,10.854091 
8700,10.852790 
8750,10.852790 
8800,10.718200 
8850,10.852790 
8900,10.852790 
8950,10.854091 
9000,10.854091 
9050,10.854091 
9100,10.854091 
9150,10.854091 
9200,10.854091 
9250,10.854091 
9300,10.854091 
9350,10.555003 
9400,10.854091 
9450,10.854091 
9500,10.854091 
9550,10.606692 
9600,10.852790 
9650,10.361896 
9700,10.606692 
9750,10.606692 
9800,10.852790 
9850,10.854091 
9900,10.854091 
9950,10.606692 
10000,10.606692 
50,46.881652 
100,50.588715 
150,10.271195 
200,-826.391370 
250,10.363683 
300,10.595477 
350,-822.690159 
400,10.483969 
450,10.363683 
500,10.516642 
550,-826.660549 
600,10.555003 
650,7.587369 
700,-822.690159 
750,-826.458665 
800,-826.458665 
850,7.054700 
900,10.608970 
950,-782.986256 
1000,10.852790 
1050,10.852790 
1100,10.443495 
1150,10.854091 
1200,10.976815 
1250,8.038277 
1300,8.038277 
1350,10.443820 
1400,7.874428 
1450,10.443495 
1500,10.730067 
1550,-822.690159 
1600,-822.690159 
1650,10.443495 
1700,10.483969 
1750,10.483969 
1800,-822.690159 
1850,-822.690159 
1900,10.362222 
1950,-822.690159 
2000,7.792179 
2050,10.443170 
2100,-822.690159 
2150,10.443820 
2200,10.852790 
2250,10.606692 
2300,7.874428 
2350,8.285025 
2400,10.361896 
2450,10.606692 
2500,10.362222 
2550,10.361571 
2600,7.792179 
2650,10.853115 
2700,10.852790 
2750,10.852790 
2800,10.361571 
2850,8.120526 
2900,10.852790 
2950,10.852790 
3000,7.874428 
3050,10.443495 
3100,10.852790 
3150,10.443495 
3200,10.443495 
3250,10.852790 
3300,10.852790 
3350,10.853115 
3400,10.362222 
3450,10.443495 
3500,10.443495 
3550,10.853115 
3600,10.362222 
3650,10.975513 
3700,10.975513 
3750,-822.690159 
3800,10.975513 
3850,10.975513 
3900,10.975513 
3950,10.975513 
4000,-822.690159 
4050,-822.690159 
4100,10.853766 
4150,8.038277 
4200,7.874428 
4250,8.038277 
4300,8.038277 
4350,10.443495 
4400,10.852790 
4450,8.038277 
4500,8.038277 
4550,8.038277 
4600,8.038277 
4650,8.038277 
4700,8.038277 
4750,8.038277 
4800,8.038277 
4850,8.038277 
4900,8.038277 
4950,8.038277 
5000,8.038277 
5050,8.038277 
5100,8.038277 
5150,8.038277 
5200,8.038277 
5250,8.038277 
5300,8.038277 
5350,8.038277 
5400,8.038277 
5450,8.038277 
5500,8.038277 
5550,8.038277 
5600,8.038277 
5650,8.038277 
5700,8.038277 
5750,8.038277 
5800,8.038277 
5850,8.038277 
5900,8.038277 
5950,8.038277 
6000,8.038277 
6050,8.038277 
6100,8.038277 
6150,8.038277 
6200,10.362222 
6250,10.362222 
6300,10.362222 
6350,10.607669 
6400,7.792179 
6450,10.361571 
6500,10.607669 
6550,10.607669 
6600,10.607669 
6650,7.874428 
6700,10.607669 
6750,10.607669 
6800,10.607669 
6850,10.607669 
6900,10.607669 
6950,10.607669 
7000,10.607669 
7050,10.607669 
7100,10.361571 
7150,10.361571 
7200,10.361571 
7250,10.361571 
7300,10.361571 
7350,10.362222 
7400,10.362222 
7450,10.362222 
7500,10.361571 
7550,10.361571 
7600,10.361571 
7650,10.361571 
7700,10.362222 
7750,10.362222 
7800,10.362222 
7850,10.607669 
7900,10.362222 
7950,10.361571 
8000,10.361571 
8050,10.362222 
8100,10.362222 
8150,10.361571 
8200,10.361571 
8250,10.361571 
8300,10.361571 
8350,10.361571 
8400,10.361571 
8450,10.361571 
8500,10.361571 
8550,10.483969 
8600,10.483969 
8650,10.361571 
8700,10.361571 
8750,10.444471 
8800,10.361896 
8850,10.362222 
8900,10.362222 
8950,10.362222 
9000,7.874428 
9050,7.792179 
9100,10.362222 
9150,10.362222 
9200,10.362222 
9250,10.362222 
9300,10.362222 
9350,8.038277 
9400,10.362222 
9450,10.362222 
9500,10.361571 
9550,10.608970 
9600,10.362222 
9650,10.362222 
9700,10.362222 
9750,7.792179 
9800,8.038277 
9850,10.362222 
9900,10.362222 
9950,10.361571 
10000,10.443495 
50,46.974791 
100,-829.823402 
150,47.578332 
200,10.606692 
250,10.443495 
300,10.443495 
350,10.443495 
400,10.606692 
450,10.606692 
500,10.730067 
550,-822.690159 
600,10.443495 
650,10.606692 
700,10.606692 
750,10.606692 
800,10.443495 
850,10.443495 
900,10.443495 
950,10.689267 
1000,10.607669 
1050,10.852790 
1100,10.606692 
1150,10.606692 
1200,10.606692 
1250,10.852790 
1300,10.443495 
1350,10.443495 
1400,10.362222 
1450,10.443170 
1500,-822.690159 
1550,10.483969 
1600,10.443170 
1650,10.483969 
1700,10.443170 
1750,10.443820 
1800,10.362222 
1850,10.362222 
1900,-822.690159 
1950,10.361571 
2000,10.361896 
2050,10.361571 
2100,10.361896 
2150,10.362222 
2200,10.361896 
2250,10.362222 
2300,10.362222 
2350,10.483969 
2400,10.483969 
2450,10.361571 
2500,10.361571 
2550,10.483969 
2600,10.483969 
2650,10.483969 
2700,10.483969 
2750,10.606692 
2800,10.483969 
2850,10.444471 
2900,10.361571 
2950,10.444471 
3000,10.444471 
3050,10.444471 
3100,10.444471 
3150,10.444471 
3200,10.444471 
3250,10.444471 
3300,10.444471 
3350,10.444471 
3400,10.444471 
3450,10.361896 
3500,10.361571 
3550,10.361571 
3600,10.361571 
3650,10.443170 
3700,10.443170 
3750,10.443170 
3800,10.361896 
3850,10.361571 
3900,10.361571 
3950,10.444471 
4000,10.444471 
4050,10.361571 
4100,10.361571 
4150,10.361571 
4200,10.361571 
4250,10.361571 
4300,10.361571 
4350,10.361571 
4400,10.361571 
4450,10.483969 
4500,10.361571 
4550,10.361571 
4600,-822.690159 
4650,-822.690159 
4700,10.483969 
4750,10.483969 
4800,10.361571 
4850,10.361571 
4900,10.606692 
4950,10.606692 
5000,10.361571 
5050,10.361571 
5100,10.361571 
5150,10.361571 
5200,10.361571 
5250,10.606692 
5300,10.361571 
5350,10.361571 
5400,10.361571 
5450,10.361571 
5500,10.361571 
5550,10.361571 
5600,10.361571 
5650,10.361571 
5700,10.361571 
5750,10.361571 
5800,10.606692 
5850,10.606692 
5900,10.361571 
5950,10.361571 
6000,10.361571 
6050,10.361571 
6100,10.361571 
6150,10.361571 
6200,10.361571 
6250,10.361571 
6300,10.361571 
6350,10.361571 
6400,10.361571 
6450,10.361571 
6500,10.361571 
6550,10.361571 
6600,10.361571 
6650,10.361571 
6700,10.361571 
6750,10.361571 
6800,10.361896 
6850,10.361571 
6900,10.361571 
6950,10.361571 
7000,10.361896 
7050,10.444471 
7100,10.361571 
7150,10.361571 
7200,10.361571 
7250,10.361571 
7300,10.361571 
7350,10.361571 
7400,10.361571 
7450,10.361571 
7500,10.606692 
7550,10.606692 
7600,10.606692 
7650,10.443495 
7700,10.606692 
7750,10.443495 
7800,10.606692 
7850,10.361571 
7900,10.443495 
7950,10.443495 
8000,10.443495 
8050,10.443495 
8100,10.361896 
8150,10.443495 
8200,10.361896 
8250,10.361896 
8300,10.361896 
8350,10.361896 
8400,10.361896 
8450,10.361896 
8500,10.361896 
8550,10.361571 
8600,10.361571 
8650,10.606692 
8700,10.606692 
8750,10.606692 
8800,10.606692 
8850,10.606692 
8900,10.606692 
8950,10.606692 
9000,10.606692 
9050,10.606692 
9100,10.606692 
9150,10.606692 
9200,10.361571 
9250,10.606692 
9300,10.606692 
9350,10.606692 
9400,10.606692 
9450,7.341271 
9500,7.341271 
9550,7.341271 
9600,10.606692 
9650,7.341271 
9700,7.341271 
9750,10.606692 
9800,10.606692 
9850,10.606692 
9900,10.606692 
9950,10.606692 
10000,7.341271 
50,10.443820 
100,47.250147 
150,46.788512 
200,50.180396 
250,-783.120845 
300,-789.513847 
350,-825.718423 
400,-829.352339 
450,-825.718423 
500,-825.718423 
550,-825.718423 
600,-825.718423 
650,10.517292 
700,-825.718423 
750,-825.718423 
800,-825.718423 
850,-825.718423 
900,10.885137 
950,-825.718423 
1000,10.517292 
1050,10.517292 
1100,10.241285 
1150,10.241936 
1200,10.241285 
1250,10.241285 
1300,10.517292 
1350,10.517292 
1400,10.639040 
1450,-823.026633 
1500,10.516642 
1550,10.271195 
1600,10.719177 
1650,-822.824748 
1700,10.554678 
1750,10.719177 
1800,10.596128 
1850,10.885137 
1900,-823.026633 
1950,-823.026633 
2000,-823.026633 
2050,10.639690 
2100,10.639690 
2150,10.639040 
2200,10.885137 
2250,10.885137 
2300,11.087021 
2350,11.087021 
2400,-822.690159 
2450,10.595477 
2500,10.719177 
2550,10.975513 
2600,10.596128 
2650,-822.690159 
2700,11.087021 
2750,10.730067 
2800,-822.690159 
2850,-822.690159 
2900,-822.690159 
2950,-822.690159 
3000,10.362222 
3050,10.730392 
3100,10.565893 
3150,10.976815 
3200,-822.892043 
3250,-822.892043 
3300,-822.892043 
3350,-822.690159 
3400,-822.690159 
3450,10.606692 
3500,-822.690159 
3550,10.361571 
3600,10.361571 
3650,-822.690159 
3700,-822.690159 
3750,10.431629 
3800,10.730067 
3850,10.689267 
3900,10.689267 
3950,10.730067 
4000,10.730067 
4050,10.484620 
4100,10.730067 
4150,-822.690159 
4200,-822.690159 
4250,-822.690159 
4300,-822.690159 
4350,-822.690159 
4400,-822.690159 
4450,-822.690159 
4500,-822.690159 
4550,-822.690159 
4600,-822.690159 
4650,-822.690159 
4700,-822.690159 
4750,-822.690159 
4800,-822.690159 
4850,-822.690159 
4900,-822.690159 
4950,-822.690159 
5000,-822.690159 
5050,-822.690159 
5100,-822.690159 
5150,-822.690159 
5200,-822.690159 
5250,-822.690159 
5300,-822.690159 
5350,-822.690159 
5400,-822.690159 
5450,-822.690159 
5500,-822.690159 
5550,-822.690159 
5600,-822.690159 
5650,-822.690159 
5700,-822.690159 
5750,-822.690159 
5800,-822.690159 
5850,-822.690159 
5900,-822.824748 
5950,-822.824748 
6000,10.976164 
6050,10.730067 
6100,10.485271 
6150,10.975188 
6200,-822.690159 
6250,-822.690159 
6300,-822.690159 
6350,-822.690159 
6400,-822.690159 
6450,-822.690159 
6500,-822.690159 
6550,10.554678 
6600,-822.824748 
6650,10.677726 
6700,-822.824748 
6750,10.432280 
6800,-822.824748 
6850,11.087021 
6900,10.976815 
6950,10.565893 
7000,-822.824748 
7050,10.362222 
7100,-822.824748 
7150,10.730067 
7200,-822.824748 
7250,-822.824748 
7300,-822.690159 
7350,-822.690159 
7400,-822.690159 
7450,-822.690159 
7500,10.555003 
7550,10.309882 
7600,-822.690159 
7650,10.719177 
7700,10.431629 
7750,10.309882 
7800,10.719177 
7850,10.719177 
7900,8.283723 
7950,8.283723 
8000,7.230739 
8050,-828.881276 
8100,-828.881276 
8150,-828.881276 
8200,-828.881276 
8250,-828.881276 
8300,-828.881276 
8350,8.283723 
8400,-825.516538 
8450,-829.015865 
8500,-826.324075 
8550,-826.324075 
8600,-826.324075 
8650,10.585238 
8700,-822.824748 
8750,10.444471 
8800,10.719177 
8850,-822.690159 
8900,10.854091 
8950,10.361896 
9000,7.066566 
9050,10.719177 
9100,-822.690159 
9150,10.719177 
9200,10.854417 
9250,10.361896 
9300,10.443495 
9350,10.443495 
9400,10.443495 
9450,10.689593 
9500,10.555003 
9550,-822.690159 
9600,10.812316 
9650,-822.690159 
9700,10.689593 
9750,10.812316 
9800,10.812316 
9850,10.730067 
9900,-822.690159 
9950,10.812316 
10000,-822.690159 
50,50.157455 
100,50.230195 
150,49.820574 
200,10.216855 
250,-793.282353 
300,50.293453 
350,-783.120845 
400,-822.690159 
450,-790.254089 
500,-789.311962 
550,-822.690159 
600,-822.824748 
650,-822.690159 
700,-822.824748 
750,-822.824748 
800,-822.690159 
850,-822.690159 
900,-822.690159 
950,-822.690159 
1000,-822.690159 
1050,-822.690159 
1100,-822.690159 
1150,-822.690159 
1200,-822.690159 
1250,-822.690159 
1300,-822.690159 
1350,-822.690159 
1400,-822.690159 
1450,-822.690159 
1500,-822.690159 
1550,-822.690159 
1600,-822.690159 
1650,-822.690159 
1700,-822.690159 
1750,-822.690159 
1800,-822.690159 
1850,-822.690159 
1900,-822.690159 
1950,-822.690159 
2000,-822.690159 
2050,-822.690159 
2100,-822.690159 
2150,-822.690159 
2200,-822.690159 
2250,-822.690159 
2300,-822.690159 
2350,-822.690159 
2400,-822.690159 
2450,-822.690159 
2500,-822.690159 
2550,-822.690159 
2600,-822.690159 
2650,-822.690159 
2700,-822.690159 
2750,-822.690159 
2800,-822.690159 
2850,-822.690159 
2900,-822.690159 
2950,-822.690159 
3000,-822.690159 
3050,-822.690159 
3100,-822.690159 
3150,-822.690159 
3200,-822.690159 
3250,-822.690159 
3300,-822.690159 
3350,-825.381949 
3400,8.377819 
3450,-825.381949 
3500,-822.690159 
3550,-822.690159 
3600,-822.690159 
3650,-825.381949 
3700,-822.690159 
3750,-822.690159 
3800,-822.690159 
3850,-822.690159 
3900,-822.690159 
3950,-822.690159 
4000,-822.690159 
4050,-822.690159 
4100,-822.690159 
4150,-822.690159 
4200,-822.690159 
4250,-822.690159 
4300,8.035384 
4350,-828.881276 
4400,-825.381949 
4450,-822.690159 
4500,-822.690159 
4550,-825.381949 
4600,-825.381949 
4650,-825.381949 
4700,-829.015865 
4750,-825.381949 
4800,-829.015865 
4850,-829.015865 
4900,-829.015865 
4950,-829.015865 
5000,-828.881276 
50,47.038301 
100,-789.311962 
150,50.022459 
200,-829.015865 
250,-829.957992 
300,-832.649782 
350,-826.324075 
400,-829.150455 
450,-790.119499 
500,-825.516538 
550,-832.851666 
600,-832.515192 
650,-832.717077 
700,-832.851666 
750,-832.851666 
800,-832.851666 
850,-829.352339 
900,-832.851666 
950,-832.986256 
1000,-832.851666 
1050,-832.851666 
1100,-832.784371 
1150,-832.851666 
1200,-829.217750 
1250,-832.851666 
1300,-829.083160 
1350,-829.217750 
1400,-832.649782 
1450,-832.649782 
1500,-832.515192 
1550,-829.150455 
1600,-832.784371 
1650,-829.352339 
1700,-832.784371 
1750,-792.945879 
1800,-789.513847 
1850,-789.177373 
1900,-789.513847 
1950,-792.811289 
2000,-789.513847 
2050,-793.147763 
2100,-792.945879 
2150,-792.945879 
2200,-792.945879 
2250,-792.945879 
2300,-792.945879 
2350,-792.945879 
2400,-790.254089 
2450,-829.957992 
2500,-793.147763 
2550,-832.851666 
2600,-832.649782 
2650,-828.881276 
2700,-793.013174 
2750,-828.881276 
2800,-789.513847 
2850,-826.525960 
2900,-792.945879 
2950,-829.823402 
3000,-832.515192 
3050,-829.957992 
3100,-782.986256 
3150,-829.823402 
3200,-789.311962 
3250,-826.189486 
3300,-826.391370 
3350,-829.823402 
3400,-829.823402 
3450,-830.025287 
3500,-832.515192 
3550,-782.986256 
3600,-829.823402 
3650,-782.986256 
3700,-822.690159 
3750,-832.515192 
3800,-783.188140 
3850,-832.515192 
3900,-822.690159 
3950,-792.945879 
4000,-782.986256 
4050,-832.515192 
4100,-782.986256 
4150,-783.120845 
4200,-832.717077 
4250,-790.455973 
4300,-782.986256 
4350,-792.945879 
4400,-792.945879 
4450,-832.851666 
4500,-832.515192 
4550,-783.188140 
4600,-829.823402 
4650,-829.015865 
4700,-832.784371 
4750,-782.986256 
4800,-782.986256 
4850,-782.986256 
4900,-782.986256 
4950,-829.823402 
5000,-782.986256 
5050,-782.986256 
5100,-830.294466 
5150,-830.294466 
5200,-782.986256 
5250,-830.294466 
5300,-826.391370 
5350,-830.294466 
5400,-830.294466 
5450,-829.352339 
5500,-832.986256 
5550,-782.986256 
5600,-782.986256 
5650,-782.986256 
5700,-830.159876 
5750,-830.159876 
5800,-782.986256 
5850,-782.986256 
5900,-830.159876 
5950,-782.986256 
6000,-782.986256 
6050,-782.986256 
6100,-825.853012 
6150,-825.853012 
6200,-829.352339 
6250,-829.150455 
6300,-825.853012 
6350,-832.649782 
6400,-832.649782 
6450,-830.159876 
6500,-832.851666 
6550,-822.824748 
6600,-832.851666 
6650,-829.285044 
6700,-825.853012 
6750,-829.150455 
6800,-829.150455 
6850,-825.853012 
6900,-829.285044 
6950,-825.853012 
7000,-829.285044 
7050,-832.717077 
7100,-789.446552 
7150,-829.285044 
7200,-829.285044 
7250,-829.285044 
7300,-829.285044 
7350,-829.285044 
7400,-829.285044 
7450,-789.581141 
7500,-789.581141 
7550,-822.690159 
7600,-822.690159 
7650,-789.446552 
7700,-789.581141 
7750,-789.581141 
7800,-789.648436 
7850,-793.080468 
7900,-793.080468 
7950,-789.446552 
8000,-789.581141 
8050,-789.581141 
8100,-829.486929 
8150,-822.690159 
8200,-829.486929 
8250,-792.945879 
8300,-829.150455 
8350,-789.581141 
8400,-829.285044 
8450,-829.150455 
8500,-829.352339 
8550,-782.986256 
8600,-822.690159 
8650,-829.217750 
8700,-782.986256 
8750,-792.945879 
8800,-792.945879 
8850,-782.986256 
8900,-792.945879 
8950,-832.649782 
9000,-782.986256 
9050,-792.945879 
9100,-792.945879 
9150,-782.986256 
9200,-782.986256 
9250,-782.986256 
9300,-792.945879 
9350,-792.945879 
9400,-782.986256 
9450,-793.013174 
9500,-792.945879 
9550,-782.986256 
9600,-782.986256 
9650,-782.986256 
9700,-793.147763 
9750,-822.690159 
9800,-782.986256 
9850,-782.986256 
9900,-830.294466 
9950,-790.455973 
10000,-790.455973 
50,-783.120845 
100,47.741509 
150,49.889496 
200,46.624128 
250,-785.678046 
300,-785.678046 
350,-786.754762 
400,-822.824748 
450,-822.959338 
500,-822.824748 
550,-822.824748 
600,-822.959338 
650,-822.824748 
700,-822.824748 
750,-822.959338 
800,-822.959338 
850,-822.959338 
900,-822.824748 
950,-822.959338 
1000,10.526698 
1050,-823.026633 
1100,-823.161222 
1150,10.596433 
1200,-823.026633 
1250,-822.959338 
1300,-822.824748 
1350,-822.824748 
1400,10.592178 
1450,10.526698 
1500,-822.824748 
1550,-822.824748 
1600,10.523772 
1650,10.727174 
1700,10.658362 
1750,-822.690159 
1800,-822.690159 
1850,10.591771 
1900,-826.324075 
1950,-826.458665 
2000,-826.525960 
2050,10.288812 
2100,10.493215 
2150,-822.892043 
2200,7.434472 
2250,-826.525960 
2300,-826.525960 
2350,-822.690159 
2400,-822.690159 
2450,-826.324075 
2500,-822.824748 
2550,-822.690159 
2600,10.760767 
2650,7.025259 
2700,-823.161222 
2750,10.592585 
2800,-822.690159 
2850,-822.690159 
2900,10.285776 
2950,10.285776 
3000,10.386961 
3050,10.453552 
3100,10.521551 
3150,10.285776 
3200,-822.690159 
3250,-822.690159 
3300,10.556364 
3350,10.556364 
3400,10.761174 
3450,10.556364 
3500,10.556364 
3550,10.418739 
3600,10.556364 
3650,10.556364 
3700,10.556364 
3750,10.556364 
3800,10.556364 
3850,10.556364 
3900,10.556364 
3950,10.351554 
4000,10.556364 
4050,10.556364 
4100,10.556364 
4150,10.556364 
4200,10.556364 
4250,10.556364 
4300,10.556364 
4350,10.351554 
4400,10.556364 
4450,10.556364 
4500,10.556364 
4550,10.351554 
4600,10.556364 
4650,10.556364 
4700,10.556364 
4750,10.556364 
4800,6.819635 
4850,6.819635 
4900,6.819635 
4950,6.819635 
5000,6.819635 
5050,6.819635 
5100,6.819635 
5150,6.819635 
5200,6.819635 
5250,6.819635 
5300,6.819635 
5350,6.819635 
5400,6.819635 
5450,6.819635 
5500,6.819635 
5550,6.819635 
5600,6.819635 
5650,6.819635 
5700,6.819635 
5750,6.819635 
5800,6.819635 
5850,6.819635 
5900,6.819635 
5950,6.819635 
6000,6.819635 
6050,6.819635 
6100,6.819635 
6150,6.819635 
6200,6.819635 
6250,6.819635 
6300,6.819635 
6350,6.819635 
6400,6.819635 
6450,6.819635 
6500,6.819635 
6550,6.819635 
6600,6.819635 
6650,6.819635 
6700,6.819635 
6750,6.819635 
6800,6.819635 
6850,6.819635 
6900,6.819635 
6950,6.819635 
7000,6.819635 
7050,6.819635 
7100,6.819635 
7150,6.819635 
7200,6.819635 
7250,6.819635 
7300,6.819635 
7350,6.819635 
7400,6.819635 
7450,6.819635 
7500,6.819635 
7550,6.819635 
7600,6.819635 
7650,6.819635 
7700,6.819635 
7750,6.819635 
7800,6.819635 
7850,6.819635 
7900,6.819635 
7950,6.819635 
8000,6.819635 
8050,6.819635 
8100,6.819635 
8150,6.819635 
8200,6.819635 
8250,6.819635 
8300,6.819635 
8350,6.819635 
8400,6.819635 
8450,6.819635 
8500,6.819635 
8550,6.819635 
8600,6.819635 
8650,6.819635 
8700,6.819635 
8750,6.819635 
8800,6.819635 
8850,6.819635 
8900,6.819635 
8950,6.819635 
9000,6.819635 
9050,6.819635 
9100,6.819635 
9150,6.819635 
9200,6.819635 
9250,6.819635 
9300,6.819635 
9350,6.819635 
9400,6.819635 
9450,6.819635 
9500,6.819635 
9550,6.819635 
9600,6.819635 
9650,6.819635 
9700,6.819635 
9750,6.819635 
9800,6.819635 
9850,6.819635 
9900,6.819635 
9950,6.819635 
10000,6.819635 
